0 0.6026045 0.62057325 0.234375 0.758333
0 0.1484375 0.7888893333333334 0.265625 0.418055
0 0.1932295 0.3616318333333333 0.046875 0.02777799999999993
0 0.27174512500000003 0.21154491666666667 0.03645799999999999 0.03055599999999999
0 0.4004560625 0.7133678333333334 0.23645800000000006 0.5583339999999998
0 0.3155595625 0.2157988333333333 0.03333400000000003 0.026389000000000034
0 0.347004875 0.22430566666666665 0.029167 0.022222000000000037
0 0.4985029375 0.39470441666666667 0.07812499999999994 0.07777800000000006
0 0.832682625 0.7028645833333332 0.332291 0.583333
0 0.914192375 0.7294270833333334 0.16875000000000007 0.536111
